#Spectral
# NormOfTensor
# [1] = n+4
# [2] = L2(sqrt(dFError^2))
4  0.029629748977118421788 
5  0.019742014793477948714 
6  0.0085229864372496442343 
7  0.0014374443349818813876 
8  0.00034298799962182411911 
9  0.00015832798787739137082 
10  2.1685672289505325793e-05 
11  4.8935576061154071714e-06 
12  1.7618815045565091707e-06 
13  1.4440729016070956991e-07 
14  5.5750459111579561133e-08 
15  1.2109677690163613583e-08 
16  6.7817007680421333642e-10 
17  4.2618270442809774137e-10 
18  4.5751310011726348704e-11 
19  7.7876143341840294742e-12 
20  1.9820598282875102332e-12 
21  7.3173171311919144681e-14 
22  5.5696660952225113454e-14 
23  1.4711311544506076178e-14 
24  1.7677227323907146802e-14 
25  2.1725603503631157131e-14 
26  4.4586131465670866957e-15 
27  9.7472556056188019687e-15 
28  2.2384850114680470357e-14 
29  4.1420819983702795585e-14 
30  5.4605781425758379467e-15 
31  5.0131635579236662544e-14 
32  1.9406952765072226358e-14 


#FD2
# NormOfTensor
# [1] = n+5
# [2] = L2(sqrt(dFError^2))
5  0.096480970916894254197 
6  0.069975119374710542663 
7  0.053460125491841446743 
8  0.042437084761957566403 
9  0.034683602680211214619 
10  0.02900187673971668656 
11  0.024699741207410273736 
12  0.021354050906823573985 
13  0.018693877492920275146 
14  0.016538931824809668253 
15  0.014765264821938069856 
16  0.01328525133652328806 
17  0.012035433650419386648 
18  0.010968879029392971519 
19  0.010050228099647966554 
20  0.009252400377373147522 
21  0.0085543501823244251503 
22  0.0079395056112823957084 
23  0.0073946620036262891359 
24  0.006909184120362263197 
25  0.0064744219676793161866 
26  0.0060832770025827003282 
27  0.0057298758427310912331 
28  0.0054093219263958904758 
29  0.0051175044354930055227 
30  0.0048509497941766838505 
31  0.0046067051773365178674 
32  0.0043822463354507195168 


#FD4
# NormOfTensor
# [1] = n+8
# [2] = L2(sqrt(dFError^2))
8  0.0018407835021345844793 
9  0.0011687884503736804386 
10  0.001454318199857823667 
11  0.0016258524105952425979 
12  0.001651537004945527725 
13  0.0015955920871206321666 
14  0.0015008246728195921357 
15  0.0013911409871916824779 
16  0.0012792237834963313039 
17  0.0011714995636259103746 
18  0.0010709659009562643491 
19  0.00097876194903826472561 
20  0.00089503899049376710231 
21  0.00081944385228062345712 
22  0.00075138704978611973312 
23  0.00069019028038827274357 
24  0.00063516585847214149935 
25  0.00058565764880025056489 
26  0.00054106027902882261691 
27  0.00050082623457155511087 
28  0.00046446635754717575332 
29  0.00043154692605164627316 
30  0.00040168513079492571254 
31  0.00037454397399798986835 
32  0.00034982715272781871041 


#FD6
# NormOfTensor
# [1] = n+11
# [2] = L2(sqrt(dFError^2))
11  0.0054134691924753904069 
12  0.0043193129245951006334 
13  0.0034684492774786535203 
14  0.002807100056267077242 
15  0.0022907697897315113141 
16  0.0018850374750876406661 
17  0.0015638054412765054965 
18  0.001307443407406972671 
19  0.0011012019932519242875 
20  0.00093396767027368069944 
21  0.000797323718558512343 
22  0.00068485512208869944902 
23  0.00059163801360656261604 
24  0.00051386527056508006592 
25  0.0004485714004084662425 
26  0.00039342953853206328024 
27  0.00034660083637150099559 
28  0.00030662202314516963852 
29  0.00027232090943666377491 
30  0.0002427524566725604402 
31  0.00021715007625475453803 
32  0.00019488827920305574386 


#FD8
# NormOfTensor
# [1] = n+14
# [2] = L2(sqrt(dFError^2))
14  0.0018261644248224640115 
15  0.0013503165821829206383 
16  0.0010103628863896701052 
17  0.00076476921519858377489 
18  0.00058575832216328197095 
19  0.00045367875435522287504 
20  0.00035507918930149164364 
21  0.0002806483162773278279 
22  0.0002238659315139553119 
23  0.00018011364603329457009 
24  0.00014608330888572459202 
25  0.00011937949224546248674 
26  9.82495437891057322e-05 
27  8.1398301535267142078e-05 
28  6.7859567075657023158e-05 
29  5.6906023494372666742e-05 
30  4.7985461664521372261e-05 
31  4.0675192161936027781e-05 
32  3.4649152049597725135e-05 
