# time =     2.00000000000000000
-10.24   4.12317e-12
    -5.3600000000000003   0.000759842031179239143
    -5.3500000000000005   0.000780461614399805209
    -5.3399999999999999   0.000801600663431427602
    -5.3300000000000001   0.000823271105690235954
    -5.3200000000000003   0.000845485110559582092
    -5.3100000000000005   0.000868255093464722683
    -5.2999999999999998   0.000891593719995219572
    -5.2900000000000000   0.000915513910075081445
    -5.2800000000000002   0.000940028842180686171
    -5.2700000000000005   0.000965151957606454232
    -5.2599999999999998   0.000990896964778285047
    -5.2500000000000000    0.00101727784361470069
    -5.2400000000000002    0.00104430884993567921
    -5.2300000000000004    0.00107200451991906797
    -5.2199999999999998    0.00110037967460452314
    -5.2100000000000000    0.00112944942444483977
    -5.2000000000000002    0.00115922917390459028
    -5.1900000000000004    0.00118973462610587398
    -5.1799999999999997    0.00122098178752103981
    -5.1699999999999999    0.00125298697271218401
    -5.1600000000000001    0.00128576680911724069
    -5.1500000000000004    0.00131933824188238172
    -5.1399999999999997    0.00135371853874052188
    -5.1299999999999999    0.00138892529493560919
    -5.1200000000000001    0.00142497643819246484
    -5.1100000000000003    0.00146189023373175788
    -5.1000000000000005    0.00149968528932984410
    -5.0899999999999999    0.00153838056042306429
    -5.0800000000000001    0.00157799535525607695
    -5.0700000000000003    0.00161854934007387417
    -5.0600000000000005    0.00166006254435693834
    -5.0499999999999998    0.00170255536609913009
    -5.0400000000000000    0.00174604857712775449
    -5.0300000000000002    0.00179056332846533068
    -5.0200000000000005    0.00183612115573241917
    -5.0099999999999998    0.00188274398459100192
    -5.0000000000000000    0.00193045413622770930
    -4.9900000000000002    0.00197927433287634459
    -4.9800000000000004    0.00202922770337891824
    -4.9699999999999998    0.00208033778878455441
    -4.9600000000000000    0.00213262854798547960
    -4.9500000000000002    0.00218612436338938392
    -4.9400000000000004    0.00224085004662724196
    -4.9299999999999997    0.00229683084429586990
    -4.9199999999999999    0.00235409244373422678
    -4.9100000000000001    0.00241266097883268511
    -4.9000000000000004    0.00247256303587419001
    -4.8899999999999997    0.00253382565940644521
    -4.8799999999999999    0.00259647635814399570
    -4.8700000000000001    0.00266054311089932577
    -4.8600000000000003    0.00272605437254169877
    -4.8500000000000005    0.00279303907998273895
    -4.8399999999999999    0.00286152665818758352
    -4.8300000000000001    0.00293154702621033778
    -4.8200000000000003    0.00300313060325271873
    -4.8100000000000005    0.00307630831474448290
    -4.7999999999999998    0.00315111159844444141
    -4.7900000000000000    0.00322757241056059263
    -4.7800000000000002    0.00330572323188813629
    -4.7700000000000005    0.00338559707396378536
    -4.7599999999999998    0.00346722748523499392
    -4.7500000000000000    0.00355064855724253900
    -4.7400000000000002    0.00363589493081498127
    -4.7300000000000004    0.00372300180227329910
    -4.7199999999999998    0.00381200492964416104
    -4.7100000000000000    0.00390294063888004016
    -4.7000000000000002    0.00399584583008462911
    -4.6900000000000004    0.00409075798374158080
    -4.6799999999999997    0.00418771516694490479
    -4.6699999999999999    0.00428675603962910910
    -4.6600000000000001    0.00438791986079725260
    -4.6500000000000004    0.00449124649474487610
    -4.6399999999999997    0.00459677641727787405
    -4.6299999999999999    0.00470455072192229283
    -4.6200000000000001    0.00481461112612396880
    -4.6100000000000003    0.00492699997743586970
    -4.6000000000000005    0.00504176025969097462
    -4.5899999999999999    0.00515893559915851178
    -4.5800000000000001    0.00527857027068122549
    -4.5700000000000003    0.00540070920379152365
    -4.5600000000000005    0.00552539798880392289
    -4.5499999999999998    0.00565268288288164108
    -4.5400000000000000    0.00578261081607464589
    -4.5300000000000002    0.00591522939732698136
    -4.5200000000000005    0.00605058692045049983
    -4.5099999999999998    0.00618873237006269030
    -4.5000000000000000    0.00632971542748574697
    -4.4900000000000002    0.00647358647660447196
    -4.4800000000000004    0.00662039660968004578
    -4.4699999999999998    0.00677019763311699236
    -4.4600000000000000    0.00692304207318054400
    -4.4500000000000002    0.00707898318166158558
    -4.4400000000000004    0.00723807494148612403
    -4.4299999999999997    0.00740037207226649195
    -4.4199999999999999    0.00756593003579113937
    -4.4100000000000001    0.00773480504145020696
    -4.4000000000000004    0.00790705405159343455
    -4.3899999999999997    0.00808273478681764863
    -4.3799999999999999    0.00826190573118030028
    -4.3700000000000001    0.00844462613733619298
    -4.3600000000000003    0.00863095603159377313
    -4.3500000000000005    0.00882095621888792127
    -4.3399999999999999    0.00901468828766578689
    -4.3300000000000001    0.00921221461468224243
    -4.3200000000000003    0.00941359836970163087
    -4.3100000000000005    0.00961890352010219031
    -4.2999999999999998    0.00982819483537968920
    -4.2900000000000000     0.0100415378915466383
    -4.2800000000000002     0.0102589990754236842
    -4.2700000000000005     0.0104806455888191933
    -4.2599999999999998     0.0107065454525936844
    -4.2500000000000000     0.0109367675106049663
    -4.2400000000000002     0.0111713814335308234
    -4.2300000000000004     0.0114104577225647447
    -4.2199999999999998     0.0116540677129813794
    -4.2100000000000000     0.0119022835775675039
    -4.2000000000000002     0.0121551783299149348
    -4.1900000000000004     0.0124128258275710193
    -4.1799999999999997     0.0126753007750431013
    -4.1699999999999999     0.0129426787266525411
    -4.1600000000000001     0.0132150360892348360
    -4.1500000000000004     0.0134924501246810637
    -4.1399999999999997     0.0137749989523170604
    -4.1299999999999999     0.0140627615511158613
    -4.1200000000000001     0.0143558177617396192
    -4.1100000000000003     0.0146542482884063126
    -4.0999999999999996     0.0149581347005774933
    -4.0899999999999999     0.0152675594344623758
    -4.0800000000000001     0.0155826057943345003
    -4.0700000000000003     0.0159033579536562684
    -4.0600000000000005     0.0162299009560071920
    -4.0499999999999998     0.0165623207158115716
    -4.0400000000000000     0.0169007040188611200
    -4.0300000000000002     0.0172451385226283574
    -4.0200000000000005     0.0175957127563662469
    -4.0099999999999998     0.0179525161209896332
    -4.0000000000000000     0.0183156388887341787
    -3.9900000000000002     0.0186851722025885361
    -3.9800000000000000     0.0190612080754948669
    -3.9700000000000002     0.0194438393893136899
    -3.9600000000000000     0.0198331598935485021
    -3.9500000000000002     0.0202292642038255678
    -3.9399999999999999     0.0206322478001247089
    -3.9300000000000002     0.0210422070247563084
    -3.9199999999999999     0.0214592390800804056
    -3.9100000000000001     0.0218834420259631339
    -3.8999999999999999     0.0223149147769664130
    -3.8900000000000001     0.0227537570992658832
    -3.8799999999999999     0.0232000696072934727
    -3.8700000000000001     0.0236539537600992666
    -3.8599999999999999     0.0241155118574290714
    -3.8500000000000001     0.0245848470355126449
    -3.8399999999999999     0.0250620632625587619
    -3.8300000000000001     0.0255472653339521676
    -3.8200000000000003     0.0260405588671487262
    -3.8100000000000001     0.0265420502962638825
    -3.8000000000000003     0.0270518468663504021
    -3.7900000000000000     0.0275700566273612731
    -3.7800000000000002     0.0280967884277930763
    -3.7700000000000000     0.0286321519080061614
    -3.7600000000000002     0.0291762574932169436
    -3.7500000000000000     0.0297292163861587501
    -3.7400000000000002     0.0302911405594063279
    -3.7300000000000000     0.0308621427473609981
    -3.7200000000000002     0.0314423364378912870
    -3.7100000000000000     0.0320318358636261791
    -3.7000000000000002     0.0326307559928960197
    -3.6899999999999999     0.0332392125203182648
    -3.6800000000000002     0.0338573218570231219
    -3.6699999999999999     0.0344852011205164441
    -3.6600000000000001     0.0351229681241751884
    -3.6499999999999999     0.0357707413663726562
    -3.6400000000000001     0.0364286400192290194
    -3.6299999999999999     0.0370967839169846839
    -3.6200000000000001     0.0377752935439919710
    -3.6099999999999999     0.0384642900223225934
    -3.6000000000000001     0.0391638950989870657
    -3.5899999999999999     0.0398742311327632201
    -3.5800000000000001     0.0405954210806302521
    -3.5700000000000003     0.0413275884838057439
    -3.5600000000000001     0.0420708574533823002
    -3.5500000000000003     0.0428253526555608943
    -3.5400000000000000     0.0435911992964785958
    -3.5300000000000002     0.0443685231066271724
    -3.5200000000000000     0.0451574503248609108
    -3.5100000000000002     0.0459581076819901083
    -3.5000000000000000     0.0467706223839589805
    -3.4900000000000002     0.0475951220946043349
    -3.4800000000000000     0.0484317349179941917
    -3.4700000000000002     0.0492805893803430969
    -3.4600000000000000     0.0501418144115029357
    -3.4500000000000002     0.0510155393260269333
    -3.4399999999999999     0.0519018938038053948
    -3.4300000000000002     0.0528010078702710536
    -3.4199999999999999     0.0537130118761735484
    -3.4100000000000001     0.0546380364769201224
    -3.3999999999999999     0.0555762126114830862
    -3.3900000000000001     0.0565276714808709835
    -3.3799999999999999     0.0574925445261645768
    -3.3700000000000001     0.0584709634061146843
    -3.3599999999999999     0.0594630599743031923
    -3.3500000000000001     0.0604689662558646340
    -3.3399999999999999     0.0614888144237700704
    -3.3300000000000001     0.0625227367746709617
    -3.3200000000000003     0.0635708657043044800
    -3.3100000000000001     0.0646333336824593541
    -3.3000000000000003     0.0657102732275028217
    -3.2900000000000000     0.0668018168804691281
    -3.2800000000000002     0.0679080971787093951
    -3.2700000000000000     0.0690292466291050066
    -3.2600000000000002     0.0701653976808431640
    -3.2500000000000000     0.0713166826977580381
    -3.2400000000000002     0.0724832339302364653
    -3.2300000000000000     0.0736651834866915156
    -3.2200000000000002     0.0748626633046034773
    -3.2100000000000000     0.0760758051211320729
    -3.2000000000000002     0.0773047404432997132
    -3.1899999999999999     0.0785496005177496459
    -3.1800000000000002     0.0798105163000796397
    -3.1699999999999999     0.0810876184237552672
    -3.1600000000000001     0.0823810371686037046
    -3.1499999999999999     0.0836909024288926134
    -3.1400000000000001     0.0850173436809950889
    -3.1299999999999999     0.0863604899506462548
    -3.1200000000000001     0.0877204697797923927
    -3.1099999999999999     0.0890974111930385171
    -3.1000000000000001     0.0904914416636958818
    -3.0899999999999999     0.0919026880794360235
    -3.0800000000000001     0.0933312767075525629
    -3.0700000000000003     0.0947773331598379537
    -3.0600000000000001     0.0962409823570778838
    -3.0500000000000003     0.0977223484931686454
    -3.0400000000000000     0.0992215549988632456
    -3.0300000000000002      0.100738724505149813
    -3.0200000000000000      0.102273978806269900
    -3.0100000000000002      0.103827438822379978
    -3.0000000000000000      0.105399224561864333
    -2.9900000000000002      0.106989455083302876
    -2.9800000000000000      0.108598248457102933
    -2.9700000000000002      0.110225721726798800
    -2.9600000000000000      0.111871990870028179
    -2.9500000000000002      0.113537170759190009
    -2.9399999999999999      0.115221375121793465
    -2.9300000000000002      0.116924716500502790
    -2.9199999999999999      0.118647306212888132
    -2.9100000000000001      0.120389254310887317
    -2.8999999999999999      0.122150669539990001
    -2.8900000000000001      0.123931659298148616
    -2.8799999999999999      0.125732329594427900
    -2.8700000000000001      0.127552785007399444
    -2.8599999999999999      0.129393128643291361
    -2.8500000000000001      0.131253462093901013
    -2.8399999999999999      0.133133885394281837
    -2.8300000000000001      0.135034496980211444
    -2.8199999999999998      0.136955393645453227
    -2.8100000000000001      0.138896670498818930
    -2.8000000000000003      0.140858420921044947
    -2.7900000000000000      0.142840736521490069
    -2.7800000000000002      0.144843707094667040
    -2.7700000000000000      0.146867420576618668
    -2.7600000000000002      0.148911963001147701
    -2.7500000000000000      0.150977418455914614
    -2.7400000000000002      0.153063869038411182
    -2.7300000000000000      0.155171394811825042
    -2.7200000000000002      0.157300073760803683
    -2.7100000000000000      0.159449981747132985
    -2.7000000000000002      0.161621192465339208
    -2.6899999999999999      0.163813777398230526
    -2.6800000000000002      0.166027805772386627
    -2.6699999999999999      0.168263344513613466
    -2.6600000000000001      0.170520458202371522
    -2.6499999999999999      0.172799209029195322
    -2.6400000000000001      0.175099656750113353
    -2.6299999999999999      0.177421858642085373
    -2.6200000000000001      0.179765869458467786
    -2.6099999999999999      0.182131741384523788
    -2.6000000000000001      0.184519523992989237
    -2.5899999999999999      0.186929264199711814
    -2.5800000000000001      0.189361006219374101
    -2.5699999999999998      0.191814791521319028
    -2.5600000000000001      0.194290658785488152
    -2.5500000000000003      0.196788643858491819
    -2.5400000000000000      0.199308779709822664
    -2.5300000000000002      0.201851096388228901
    -2.5200000000000000      0.204415620978263962
    -2.5100000000000002      0.207002377557024858
    -2.5000000000000000      0.209611387151097811
    -2.4900000000000002      0.212242667693724296
    -2.4800000000000000      0.214896233982205365
    -2.4700000000000002      0.217572097635558015
    -2.4600000000000000      0.220270267052441737
    -2.4500000000000002      0.222990747369368608
    -2.4399999999999999      0.225733540419216894
    -2.4300000000000002      0.228498644690059427
    -2.4199999999999999      0.231286055284328662
    -2.4100000000000001      0.234095763878329644
    -2.3999999999999999      0.236927758682121764
    -2.3900000000000001      0.239782024399782162
    -2.3799999999999999      0.242658542190070825
    -2.3700000000000001      0.245557289627510944
    -2.3599999999999999      0.248478240663904226
    -2.3500000000000001      0.251421365590295098
    -2.3399999999999999      0.254386630999403840
    -2.3300000000000001      0.257373999748541638
    -2.3199999999999998      0.260383430923029013
    -2.3100000000000001      0.263414879800130286
    -2.3000000000000003      0.266468297813524047
    -2.2900000000000000      0.269543632518325527
    -2.2800000000000002      0.272640827556676846
    -2.2700000000000000      0.275759822623924900
    -2.2600000000000002      0.278900553435399712
    -2.2500000000000000      0.282062951693815456
    -2.2400000000000002      0.285246945057305135
    -2.2300000000000000      0.288452457108111515
    -2.2200000000000002      0.291679407321946471
    -2.2100000000000000      0.294927711038039275
    -2.2000000000000002      0.298197279429887330
    -2.1899999999999999      0.301488019476729152
    -2.1800000000000002      0.304799833935753217
    -2.1699999999999999      0.308132621315062472
    -2.1600000000000001      0.311486275847407068
    -2.1499999999999999      0.314860687464706190
    -2.1400000000000001      0.318255741773370737
    -2.1299999999999999      0.321671320030447405
    -2.1200000000000001      0.325107299120595772
    -2.1099999999999999      0.328563551533919307
    -2.1000000000000001      0.332039945344660636
    -2.0899999999999999      0.335536344190781988
    -2.0800000000000001      0.339052607254442195
    -2.0699999999999998      0.342588589243389086
    -2.0600000000000001      0.346144140373278675
    -2.0499999999999998      0.349719106350940778
    -2.0400000000000000      0.353313328358601408
    -2.0300000000000002      0.356926643039080227
    -2.0200000000000000      0.360558882481975596
    -2.0100000000000002      0.364209874210851436
    -2.0000000000000000      0.367879441171442334
    -1.9900000000000000      0.371567401720886870
    -1.9800000000000000      0.375273569618007341
    -1.9700000000000000      0.378997754014645305
    -1.9600000000000000      0.382739759448069095
    -1.9500000000000000      0.386499385834464249
    -1.9399999999999999      0.390276428463521174
    -1.9299999999999999      0.394070677994131313
    -1.9199999999999999      0.397881920451204685
    -1.9100000000000001      0.401709937223620028
    -1.9000000000000001      0.405554505063320525
    -1.8900000000000001      0.409415396085564542
    -1.8800000000000001      0.413292377770344110
    -1.8700000000000001      0.417185212964981178
    -1.8600000000000001      0.421093659887911809
    -1.8500000000000001      0.425017472133668806
    -1.8400000000000001      0.428956398679072981
    -1.8300000000000001      0.432910183890641231
    -1.8200000000000001      0.436878567533222184
    -1.8100000000000001      0.440861284779866358
    -1.8000000000000000      0.444858066222941106
    -1.7900000000000000      0.448868637886497224
    -1.7800000000000000      0.452892721239894658
    -1.7700000000000000      0.456930033212696041
    -1.7600000000000000      0.460980286210833590
    -1.7500000000000000      0.465043188134056318
    -1.7400000000000000      0.469118442394664159
    -1.7300000000000000      0.473205747937534449
    -1.7200000000000000      0.477304799261445811
    -1.7100000000000000      0.481415286441704671
    -1.7000000000000000      0.485536895154079495
    -1.6899999999999999      0.489669306700045770
    -1.6799999999999999      0.493812198033346195
    -1.6699999999999999      0.497965241787868773
    -1.6600000000000001      0.502128106306846789
    -1.6500000000000001      0.506300455673381333
    -1.6400000000000001      0.510481949742289220
    -1.6300000000000001      0.514672244173278837
    -1.6200000000000001      0.518870990465452264
    -1.6100000000000001      0.523077835993137730
    -1.6000000000000001      0.527292424043048547
    -1.5900000000000001      0.531514393852771994
    -1.5800000000000001      0.535743380650584688
    -1.5700000000000001      0.539979015696594900
    -1.5600000000000001      0.544220926325207355
    -1.5500000000000000      0.548468735988912548
    -1.5400000000000000      0.552722064303393879
    -1.5300000000000000      0.556980527093950739
    -1.5200000000000000      0.561243736443234886
    -1.5100000000000000      0.565511300740294875
    -1.5000000000000000      0.569782824730923010
    -1.4900000000000000      0.574057909569302249
    -1.4800000000000000      0.578336152870944087
    -1.4700000000000000      0.582617148766914394
    -1.4600000000000000      0.586900487959338024
    -1.4500000000000000      0.591185757778176280
    -1.4399999999999999      0.595472542239269820
    -1.4299999999999999      0.599760422103637891
    -1.4000000000000001      0.612626394184416001
    -1.3900000000000001      0.616914400320751954
    -1.3800000000000001      0.621201359005450815
    -1.3700000000000001      0.625486832785111080
    -1.3600000000000001      0.629770381401003054
    -1.3500000000000001      0.634051561858067547
    -1.3400000000000001      0.638329928495074972
    -1.3300000000000001      0.642605033055933639
    -1.3200000000000001      0.646876424762129809
    -1.3100000000000001      0.651143650386288741
    -1.3000000000000000      0.655406254326840521
    -1.2900000000000000      0.659663778683775237
    -1.2800000000000000      0.663915763335473530
    -1.2700000000000000      0.668161746016593838
    -1.2600000000000000      0.672401262397002708
    -1.2500000000000000      0.676633846161728947
    -1.2400000000000000      0.680859029091924750
    -1.2300000000000000      0.685076341146816703
    -1.2200000000000000      0.689285310546626340
    -1.2100000000000000      0.693485463856443385
    -1.2000000000000000      0.697676326071031028
    -1.1899999999999999      0.701857420700544243
    -1.1799999999999999      0.706028269857139734
    -1.1699999999999999      0.710188394342458174
    -1.1599999999999999      0.714337313735957546
    -1.1500000000000001      0.718474546484074383
    -1.1400000000000001      0.722599609990193570
    -1.1300000000000001      0.726712020705401751
    -1.1200000000000001      0.730811294220003904
    -1.1100000000000001      0.734896945355777542
    -1.1000000000000001      0.738968488258944234
    -1.0900000000000001      0.743025436493830127
    -1.0800000000000001      0.747067303137195604
    -1.0700000000000001      0.751093600873206757
    -1.0600000000000001      0.755103842089023480
    -1.0500000000000000      0.759097538970980978
    -1.0400000000000000      0.763074203601336043
    -1.0300000000000000      0.767033348055555342
    -1.0200000000000000      0.770974484500115298
    -1.0100000000000000      0.774897125290791244
    -1.0000000000000000      0.778800783071404878
   -0.98999999999999999      0.782684970873005259
   -0.97999999999999998      0.786549202213454923
   -0.96999999999999997      0.790392991197392925
   -0.95999999999999996      0.794215852616546703
   -0.95000000000000007      0.798017302050364807
   -0.94000000000000006      0.801796855966941280
   -0.93000000000000005      0.805554031824203376
   -0.92000000000000004      0.809288348171332106
   -0.91000000000000003      0.812999324750387831
   -0.90000000000000002      0.816686482598110830
   -0.89000000000000001      0.820349344147865978
   -0.88000000000000000      0.823987433331703212
   -0.87000000000000000      0.827600275682501829
   -0.85999999999999999      0.831187398436170843
   -0.84999999999999998      0.834748330633871216
   -0.83999999999999997      0.838282603224233536
   -0.83000000000000007      0.841789749165536394
   -0.82000000000000006      0.845269303527818483
   -0.81000000000000005      0.848720803594889328
   -0.80000000000000004      0.852143788966211346
   -0.79000000000000004      0.855537801658619146
   -0.78000000000000003      0.858902386207847646
   -0.77000000000000002      0.862237089769833931
   -0.76000000000000001      0.865541462221765978
   -0.75000000000000000      0.868815056262843166
   -0.73999999999999999      0.872057427514719152
   -0.72999999999999998      0.875268134621594918
   -0.71999999999999997      0.878446739349931338
   -0.70999999999999996      0.881592806687748753
   -0.70000000000000007      0.884705904943483556
   -0.69000000000000006      0.887785605844368608
   -0.68000000000000005      0.890831484634308834
   -0.67000000000000004      0.893843120171217698
   -0.66000000000000003      0.896820095023786790
   -0.65000000000000002      0.899761995567653905
   -0.64000000000000001      0.902668412080942062
   -0.63000000000000000      0.905538938839136054
   -0.62000000000000000      0.908373174209267997
   -0.60999999999999999      0.911170720743378793
   -0.59999999999999998      0.913931185271228186
   -0.58999999999999997      0.916654178992220681
   -0.57999999999999996      0.919339317566518210
   -0.57000000000000006      0.921986221205310152
   -0.56000000000000005      0.924594514760210706
   -0.55000000000000004      0.927163827811753105
   -0.54000000000000004      0.929693794756954350
   -0.53000000000000003      0.932184054895917935
   -0.52000000000000002      0.934634252517448694
   -0.51000000000000001      0.937044036983650130
   -0.50000000000000000      0.939413062813475808
   -0.48999999999999999      0.941740989765208036
   -0.47999999999999998      0.944027482917835670
   -0.47000000000000003      0.946272212751302910
   -0.46000000000000002      0.948474855225604596
   -0.45000000000000001      0.950635091858698433
   -0.44000000000000000      0.952752609803210970
   -0.42999999999999999      0.954827101921908450
   -0.41999999999999998      0.956858266861909668
   -0.41000000000000003      0.958845809127614523
   -0.40000000000000002      0.960789439152323177
   -0.39000000000000001      0.962688873368522491
   -0.38000000000000000      0.964543834276815448
   -0.37000000000000000      0.966354050513469565
   -0.35999999999999999      0.968119256916562754
   -0.35000000000000003      0.969839194590702225
   -0.34000000000000002      0.971513610970295760
   -0.33000000000000002      0.973142259881352500
   -0.32000000000000001      0.974724901601793925
   -0.31000000000000000      0.976261302920252150
   -0.29999999999999999      0.977751237193336342
   -0.28999999999999998      0.979194484401348708
   -0.28000000000000003      0.980590831202428403
   -0.27000000000000002      0.981940070985106717
   -0.26000000000000001      0.983242003919255425
   -0.25000000000000000      0.984496437005408453
   -0.23999999999999999      0.985703184122442955
   -0.23000000000000001      0.986862066073601385
   -0.22000000000000000      0.987972910630838252
   -0.20999999999999999      0.989035552577478105
   -0.20000000000000001      0.990049833749168107
   -0.19000000000000000      0.991015603073111873
   -0.17999999999999999      0.991932716605571141
   -0.17000000000000001      0.992801037567621281
   -0.16000000000000000      0.993620436379148986
   -0.14999999999999999      0.994390790691080939
   -0.14000000000000001      0.995111985415829792
   -0.13000000000000000      0.995783912755950573
   -0.12000000000000000      0.996406472230993323
   -0.11000000000000000      0.996979570702546725
   -0.10000000000000001      0.997503122397460085
  -0.089999999999999997      0.997977048929239441
  -0.080000000000000002      0.998401279317606360
  -0.070000000000000007      0.998775750006216212
  -0.059999999999999998      0.999100404878527359
  -0.050000000000000003      0.999375195271816286
  -0.040000000000000001      0.999600079989334422
  -0.029999999999999999      0.999775025310601695
  -0.020000000000000000      0.999900004999833336
  -0.010000000000000000      0.999975000312497420
     0.0000000000000000       1.00000000000000000
  0.0100000000000000002      0.999975000312497420
  0.0200000000000000004      0.999900004999833336
  0.0299999999999999989      0.999775025310601695
  0.0400000000000000008      0.999600079989334422
  0.0500000000000000028      0.999375195271816286
  0.0599999999999999978      0.999100404878527359
  0.0700000000000000067      0.998775750006216212
  0.0800000000000000017      0.998401279317606360
  0.0899999999999999967      0.997977048929239441
   0.100000000000000006      0.997503122397460085
   0.110000000000000001      0.996979570702546725
   0.119999999999999996      0.996406472230993323
   0.130000000000000004      0.995783912755950573
   0.140000000000000013      0.995111985415829792
   0.149999999999999994      0.994390790691080939
   0.160000000000000003      0.993620436379148986
   0.170000000000000012      0.992801037567621281
   0.179999999999999993      0.991932716605571141
   0.190000000000000002      0.991015603073111873
   0.200000000000000011      0.990049833749168107
   0.209999999999999992      0.989035552577478105
   0.220000000000000001      0.987972910630838252
   0.230000000000000010      0.986862066073601385
   0.239999999999999991      0.985703184122442955
   0.250000000000000000      0.984496437005408453
   0.260000000000000009      0.983242003919255425
   0.270000000000000018      0.981940070985106717
   0.280000000000000027      0.980590831202428403
   0.289999999999999980      0.979194484401348708
   0.299999999999999989      0.977751237193336342
   0.309999999999999998      0.976261302920252150
   0.320000000000000007      0.974724901601793925
   0.330000000000000016      0.973142259881352500
   0.340000000000000024      0.971513610970295760
   0.350000000000000033      0.969839194590702225
   0.359999999999999987      0.968119256916562754
   0.369999999999999996      0.966354050513469565
   0.380000000000000004      0.964543834276815448
   0.390000000000000013      0.962688873368522491
   0.400000000000000022      0.960789439152323177
   0.410000000000000031      0.958845809127614523
   0.419999999999999984      0.956858266861909668
   0.429999999999999993      0.954827101921908450
   0.440000000000000002      0.952752609803210970
   0.450000000000000011      0.950635091858698433
   0.460000000000000020      0.948474855225604596
   0.470000000000000029      0.946272212751302910
   0.479999999999999982      0.944027482917835670
   0.489999999999999991      0.941740989765208036
   0.500000000000000000      0.939413062813475808
   0.510000000000000009      0.937044036983650130
   0.520000000000000018      0.934634252517448694
   0.530000000000000027      0.932184054895917935
   0.540000000000000036      0.929693794756954350
   0.550000000000000044      0.927163827811753105
   0.560000000000000053      0.924594514760210706
   0.570000000000000062      0.921986221205310152
   0.579999999999999960      0.919339317566518210
   0.589999999999999969      0.916654178992220681
   0.599999999999999978      0.913931185271228186
   0.609999999999999987      0.911170720743378793
   0.619999999999999996      0.908373174209267997
   0.630000000000000004      0.905538938839136054
   0.640000000000000013      0.902668412080942062
   0.650000000000000022      0.899761995567653905
   0.660000000000000031      0.896820095023786790
   0.670000000000000040      0.893843120171217698
   0.680000000000000049      0.890831484634308834
   0.690000000000000058      0.887785605844368608
   0.700000000000000067      0.884705904943483556
   0.709999999999999964      0.881592806687748753
   0.719999999999999973      0.878446739349931338
   0.729999999999999982      0.875268134621594918
   0.739999999999999991      0.872057427514719152
   0.750000000000000000      0.868815056262843166
   0.760000000000000009      0.865541462221765978
   0.770000000000000018      0.862237089769833931
   0.780000000000000027      0.858902386207847646
   0.790000000000000036      0.855537801658619146
   0.800000000000000044      0.852143788966211346
   0.810000000000000053      0.848720803594889328
   0.820000000000000062      0.845269303527818483
   0.830000000000000071      0.841789749165536394
   0.839999999999999969      0.838282603224233536
   0.849999999999999978      0.834748330633871216
   0.859999999999999987      0.831187398436170843
   0.869999999999999996      0.827600275682501829
   0.880000000000000004      0.823987433331703212
   0.890000000000000013      0.820349344147865978
   0.900000000000000022      0.816686482598110830
   0.910000000000000031      0.812999324750387831
   0.920000000000000040      0.809288348171332106
   0.930000000000000049      0.805554031824203376
   0.940000000000000058      0.801796855966941280
   0.950000000000000067      0.798017302050364807
   0.959999999999999964      0.794215852616546703
   0.969999999999999973      0.790392991197392925
   0.979999999999999982      0.786549202213454923
   0.989999999999999991      0.782684970873005259
    1.00000000000000000      0.778800783071404878
    1.01000000000000001      0.774897125290791244
    1.02000000000000002      0.770974484500115298
    1.03000000000000003      0.767033348055555342
    1.04000000000000004      0.763074203601336043
    1.05000000000000004      0.759097538970980978
    1.06000000000000005      0.755103842089023480
    1.07000000000000006      0.751093600873206757
    1.08000000000000007      0.747067303137195604
    1.09000000000000008      0.743025436493830127
    1.10000000000000009      0.738968488258944234
    1.11000000000000010      0.734896945355777542
    1.12000000000000011      0.730811294220003904
    1.13000000000000012      0.726712020705401751
    1.14000000000000012      0.722599609990193570
    1.15000000000000013      0.718474546484074383
    1.15999999999999992      0.714337313735957546
    1.16999999999999993      0.710188394342458174
    1.17999999999999994      0.706028269857139734
    1.18999999999999995      0.701857420700544243
    1.19999999999999996      0.697676326071031028
    1.20999999999999996      0.693485463856443385
    1.21999999999999997      0.689285310546626340
    1.22999999999999998      0.685076341146816703
    1.23999999999999999      0.680859029091924750
    1.25000000000000000      0.676633846161728947
    1.26000000000000001      0.672401262397002708
    1.27000000000000002      0.668161746016593838
    1.28000000000000003      0.663915763335473530
    1.29000000000000004      0.659663778683775237
    1.30000000000000004      0.655406254326840521
    1.31000000000000005      0.651143650386288741
    1.32000000000000006      0.646876424762129809
    1.33000000000000007      0.642605033055933639
    1.34000000000000008      0.638329928495074972
    1.35000000000000009      0.634051561858067547
    1.36000000000000010      0.629770381401003054
    1.37000000000000011      0.625486832785111080
    1.38000000000000012      0.621201359005450815
    1.39000000000000012      0.616914400320751954
    1.40000000000000013      0.612626394184416001
    1.42999999999999994      0.599760422103637891
    1.43999999999999995      0.595472542239269820
    1.44999999999999996      0.591185757778176280
    1.45999999999999996      0.586900487959338024
    1.46999999999999997      0.582617148766914394
    1.47999999999999998      0.578336152870944087
    1.48999999999999999      0.574057909569302249
    1.50000000000000000      0.569782824730923010
    1.51000000000000001      0.565511300740294875
    1.52000000000000002      0.561243736443234886
    1.53000000000000003      0.556980527093950739
    1.54000000000000004      0.552722064303393879
    1.55000000000000004      0.548468735988912548
    1.56000000000000005      0.544220926325207355
    1.57000000000000006      0.539979015696594900
    1.58000000000000007      0.535743380650584688
    1.59000000000000008      0.531514393852771994
    1.60000000000000009      0.527292424043048547
    1.61000000000000010      0.523077835993137730
    1.62000000000000011      0.518870990465452264
    1.63000000000000012      0.514672244173278837
    1.64000000000000012      0.510481949742289220
    1.65000000000000013      0.506300455673381333
    1.66000000000000014      0.502128106306846789
    1.66999999999999993      0.497965241787868773
    1.67999999999999994      0.493812198033346195
    1.68999999999999995      0.489669306700045770
    1.69999999999999996      0.485536895154079495
    1.70999999999999996      0.481415286441704671
    1.71999999999999997      0.477304799261445811
    1.72999999999999998      0.473205747937534449
    1.73999999999999999      0.469118442394664159
    1.75000000000000000      0.465043188134056318
    1.76000000000000001      0.460980286210833590
    1.77000000000000002      0.456930033212696041
    1.78000000000000003      0.452892721239894658
    1.79000000000000004      0.448868637886497224
    1.80000000000000004      0.444858066222941106
    1.81000000000000005      0.440861284779866358
    1.82000000000000006      0.436878567533222184
    1.83000000000000007      0.432910183890641231
    1.84000000000000008      0.428956398679072981
    1.85000000000000009      0.425017472133668806
    1.86000000000000010      0.421093659887911809
    1.87000000000000011      0.417185212964981178
    1.88000000000000012      0.413292377770344110
    1.89000000000000012      0.409415396085564542
    1.90000000000000013      0.405554505063320525
    1.91000000000000014      0.401709937223620028
    1.91999999999999993      0.397881920451204685
    1.92999999999999994      0.394070677994131313
    1.93999999999999995      0.390276428463521174
    1.94999999999999996      0.386499385834464249
    1.95999999999999996      0.382739759448069095
    1.96999999999999997      0.378997754014645305
    1.97999999999999998      0.375273569618007341
    1.98999999999999999      0.371567401720886870
    2.00000000000000000      0.367879441171442334
    2.01000000000000023      0.364209874210851436
    2.02000000000000002      0.360558882481975596
    2.03000000000000025      0.356926643039080227
    2.04000000000000004      0.353313328358601408
    2.04999999999999982      0.349719106350940778
    2.06000000000000005      0.346144140373278675
    2.06999999999999984      0.342588589243389086
    2.08000000000000007      0.339052607254442195
    2.08999999999999986      0.335536344190781988
    2.10000000000000009      0.332039945344660636
    2.10999999999999988      0.328563551533919307
    2.12000000000000011      0.325107299120595772
    2.12999999999999989      0.321671320030447405
    2.14000000000000012      0.318255741773370737
    2.14999999999999991      0.314860687464706190
    2.16000000000000014      0.311486275847407068
    2.16999999999999993      0.308132621315062472
    2.18000000000000016      0.304799833935753217
    2.18999999999999995      0.301488019476729152
    2.20000000000000018      0.298197279429887330
    2.20999999999999996      0.294927711038039275
    2.22000000000000020      0.291679407321946471
    2.22999999999999998      0.288452457108111515
    2.24000000000000021      0.285246945057305135
    2.25000000000000000      0.282062951693815456
    2.26000000000000023      0.278900553435399712
    2.27000000000000002      0.275759822623924900
    2.28000000000000025      0.272640827556676846
    2.29000000000000004      0.269543632518325527
    2.30000000000000027      0.266468297813524047
    2.31000000000000005      0.263414879800130286
    2.31999999999999984      0.260383430923029013
    2.33000000000000007      0.257373999748541638
    2.33999999999999986      0.254386630999403840
    2.35000000000000009      0.251421365590295098
    2.35999999999999988      0.248478240663904226
    2.37000000000000011      0.245557289627510944
    2.37999999999999989      0.242658542190070825
    2.39000000000000012      0.239782024399782162
    2.39999999999999991      0.236927758682121764
    2.41000000000000014      0.234095763878329644
    2.41999999999999993      0.231286055284328662
    2.43000000000000016      0.228498644690059427
    2.43999999999999995      0.225733540419216894
    2.45000000000000018      0.222990747369368608
    2.45999999999999996      0.220270267052441737
    2.47000000000000020      0.217572097635558015
    2.47999999999999998      0.214896233982205365
    2.49000000000000021      0.212242667693724296
    2.50000000000000000      0.209611387151097811
    2.51000000000000023      0.207002377557024858
    2.52000000000000002      0.204415620978263962
    2.53000000000000025      0.201851096388228901
    2.54000000000000004      0.199308779709822664
    2.55000000000000027      0.196788643858491819
    2.56000000000000005      0.194290658785488152
    2.56999999999999984      0.191814791521319028
    2.58000000000000007      0.189361006219374101
    2.58999999999999986      0.186929264199711814
    2.60000000000000009      0.184519523992989237
    2.60999999999999988      0.182131741384523788
    2.62000000000000011      0.179765869458467786
    2.62999999999999989      0.177421858642085373
    2.64000000000000012      0.175099656750113353
    2.64999999999999991      0.172799209029195322
    2.66000000000000014      0.170520458202371522
    2.66999999999999993      0.168263344513613466
    2.68000000000000016      0.166027805772386627
    2.68999999999999995      0.163813777398230526
    2.70000000000000018      0.161621192465339208
    2.70999999999999996      0.159449981747132985
    2.72000000000000020      0.157300073760803683
    2.72999999999999998      0.155171394811825042
    2.74000000000000021      0.153063869038411182
    2.75000000000000000      0.150977418455914614
    2.76000000000000023      0.148911963001147701
    2.77000000000000002      0.146867420576618668
    2.78000000000000025      0.144843707094667040
    2.79000000000000004      0.142840736521490069
    2.80000000000000027      0.140858420921044947
    2.81000000000000005      0.138896670498818930
    2.81999999999999984      0.136955393645453227
    2.83000000000000007      0.135034496980211444
    2.83999999999999986      0.133133885394281837
    2.85000000000000009      0.131253462093901013
    2.85999999999999988      0.129393128643291361
    2.87000000000000011      0.127552785007399444
    2.87999999999999989      0.125732329594427900
    2.89000000000000012      0.123931659298148616
    2.89999999999999991      0.122150669539990001
    2.91000000000000014      0.120389254310887317
    2.91999999999999993      0.118647306212888132
    2.93000000000000016      0.116924716500502790
    2.93999999999999995      0.115221375121793465
    2.95000000000000018      0.113537170759190009
    2.95999999999999996      0.111871990870028179
    2.97000000000000020      0.110225721726798800
    2.97999999999999998      0.108598248457102933
    2.99000000000000021      0.106989455083302876
    3.00000000000000000      0.105399224561864333
    3.01000000000000023      0.103827438822379978
    3.02000000000000002      0.102273978806269900
    3.03000000000000025      0.100738724505149813
    3.04000000000000004     0.0992215549988632456
    3.05000000000000027     0.0977223484931686454
    3.06000000000000005     0.0962409823570778838
    3.07000000000000028     0.0947773331598379537
    3.08000000000000007     0.0933312767075525629
    3.08999999999999986     0.0919026880794360235
    3.10000000000000009     0.0904914416636958818
    3.10999999999999988     0.0890974111930385171
    3.12000000000000011     0.0877204697797923927
    3.12999999999999989     0.0863604899506462548
    3.14000000000000012     0.0850173436809950889
    3.14999999999999991     0.0836909024288926134
    3.16000000000000014     0.0823810371686037046
    3.16999999999999993     0.0810876184237552672
    3.18000000000000016     0.0798105163000796397
    3.18999999999999995     0.0785496005177496459
    3.20000000000000018     0.0773047404432997132
    3.20999999999999996     0.0760758051211320729
    3.22000000000000020     0.0748626633046034773
    3.22999999999999998     0.0736651834866915156
    3.24000000000000021     0.0724832339302364653
    3.25000000000000000     0.0713166826977580381
    3.26000000000000023     0.0701653976808431640
    3.27000000000000002     0.0690292466291050066
    3.28000000000000025     0.0679080971787093951
    3.29000000000000004     0.0668018168804691281
    3.30000000000000027     0.0657102732275028217
    3.31000000000000005     0.0646333336824593541
    3.32000000000000028     0.0635708657043044800
    3.33000000000000007     0.0625227367746709617
    3.33999999999999986     0.0614888144237700704
    3.35000000000000009     0.0604689662558646340
    3.35999999999999988     0.0594630599743031923
    3.37000000000000011     0.0584709634061146843
    3.37999999999999989     0.0574925445261645768
    3.39000000000000012     0.0565276714808709835
    3.39999999999999991     0.0555762126114830862
    3.41000000000000014     0.0546380364769201224
    3.41999999999999993     0.0537130118761735484
    3.43000000000000016     0.0528010078702710536
    3.43999999999999995     0.0519018938038053948
    3.45000000000000018     0.0510155393260269333
    3.45999999999999996     0.0501418144115029357
    3.47000000000000020     0.0492805893803430969
    3.47999999999999998     0.0484317349179941917
    3.49000000000000021     0.0475951220946043349
    3.50000000000000000     0.0467706223839589805
    3.51000000000000023     0.0459581076819901083
    3.52000000000000002     0.0451574503248609108
    3.53000000000000025     0.0443685231066271724
    3.54000000000000004     0.0435911992964785958
    3.55000000000000027     0.0428253526555608943
    3.56000000000000005     0.0420708574533823002
    3.57000000000000028     0.0413275884838057439
    3.58000000000000007     0.0405954210806302521
    3.58999999999999986     0.0398742311327632201
    3.60000000000000009     0.0391638950989870657
    3.60999999999999988     0.0384642900223225934
    3.62000000000000011     0.0377752935439919710
    3.62999999999999989     0.0370967839169846839
    3.64000000000000012     0.0364286400192290194
    3.64999999999999991     0.0357707413663726562
    3.66000000000000014     0.0351229681241751884
    3.66999999999999993     0.0344852011205164441
    3.68000000000000016     0.0338573218570231219
    3.68999999999999995     0.0332392125203182648
    3.70000000000000018     0.0326307559928960197
    3.70999999999999996     0.0320318358636261791
    3.72000000000000020     0.0314423364378912870
    3.72999999999999998     0.0308621427473609981
    3.74000000000000021     0.0302911405594063279
    3.75000000000000000     0.0297292163861587501
    3.76000000000000023     0.0291762574932169436
    3.77000000000000002     0.0286321519080061614
    3.78000000000000025     0.0280967884277930763
    3.79000000000000004     0.0275700566273612731
    3.80000000000000027     0.0270518468663504021
    3.81000000000000005     0.0265420502962638825
    3.82000000000000028     0.0260405588671487262
    3.83000000000000007     0.0255472653339521676
    3.83999999999999986     0.0250620632625587619
    3.85000000000000009     0.0245848470355126449
    3.85999999999999988     0.0241155118574290714
    3.87000000000000011     0.0236539537600992666
    3.87999999999999989     0.0232000696072934727
    3.89000000000000012     0.0227537570992658832
    3.89999999999999991     0.0223149147769664130
    3.91000000000000014     0.0218834420259631339
    3.91999999999999993     0.0214592390800804056
    3.93000000000000016     0.0210422070247563084
    3.93999999999999995     0.0206322478001247089
    3.95000000000000018     0.0202292642038255678
    3.95999999999999996     0.0198331598935485021
    3.97000000000000020     0.0194438393893136899
    3.97999999999999998     0.0190612080754948669
    3.99000000000000021     0.0186851722025885361
    4.00000000000000000     0.0183156388887341787
    4.00999999999999979     0.0179525161209896332
    4.02000000000000046     0.0175957127563662469
    4.03000000000000025     0.0172451385226283574
    4.04000000000000004     0.0169007040188611200
    4.04999999999999982     0.0165623207158115716
    4.06000000000000050     0.0162299009560071920
    4.07000000000000028     0.0159033579536562684
    4.08000000000000007     0.0155826057943345003
    4.08999999999999986     0.0152675594344623758
    4.09999999999999964     0.0149581347005774933
    4.11000000000000032     0.0146542482884063126
    4.12000000000000011     0.0143558177617396192
    4.12999999999999989     0.0140627615511158613
    4.13999999999999968     0.0137749989523170604
    4.15000000000000036     0.0134924501246810637
    4.16000000000000014     0.0132150360892348360
    4.16999999999999993     0.0129426787266525411
    4.17999999999999972     0.0126753007750431013
    4.19000000000000039     0.0124128258275710193
    4.20000000000000018     0.0121551783299149348
    4.20999999999999996     0.0119022835775675039
    4.21999999999999975     0.0116540677129813794
    4.23000000000000043     0.0114104577225647447
    4.24000000000000021     0.0111713814335308234
    4.25000000000000000     0.0109367675106049663
    4.25999999999999979     0.0107065454525936844
    4.27000000000000046     0.0104806455888191933
    4.28000000000000025     0.0102589990754236842
    4.29000000000000004     0.0100415378915466383
    4.29999999999999982    0.00982819483537968920
    4.31000000000000050    0.00961890352010219031
    4.32000000000000028    0.00941359836970163087
    4.33000000000000007    0.00921221461468224243
    4.33999999999999986    0.00901468828766578689
    4.35000000000000053    0.00882095621888792127
    4.36000000000000032    0.00863095603159377313
    4.37000000000000011    0.00844462613733619298
    4.37999999999999989    0.00826190573118030028
    4.38999999999999968    0.00808273478681764863
    4.40000000000000036    0.00790705405159343455
    4.41000000000000014    0.00773480504145020696
    4.41999999999999993    0.00756593003579113937
    4.42999999999999972    0.00740037207226649195
    4.44000000000000039    0.00723807494148612403
    4.45000000000000018    0.00707898318166158558
    4.45999999999999996    0.00692304207318054400
    4.46999999999999975    0.00677019763311699236
    4.48000000000000043    0.00662039660968004578
    4.49000000000000021    0.00647358647660447196
    4.50000000000000000    0.00632971542748574697
    4.50999999999999979    0.00618873237006269030
    4.52000000000000046    0.00605058692045049983
    4.53000000000000025    0.00591522939732698136
    4.54000000000000004    0.00578261081607464589
    4.54999999999999982    0.00565268288288164108
    4.56000000000000050    0.00552539798880392289
    4.57000000000000028    0.00540070920379152365
    4.58000000000000007    0.00527857027068122549
    4.58999999999999986    0.00515893559915851178
    4.60000000000000053    0.00504176025969097462
    4.61000000000000032    0.00492699997743586970
    4.62000000000000011    0.00481461112612396880
    4.62999999999999989    0.00470455072192229283
    4.63999999999999968    0.00459677641727787405
    4.65000000000000036    0.00449124649474487610
    4.66000000000000014    0.00438791986079725260
    4.66999999999999993    0.00428675603962910910
    4.67999999999999972    0.00418771516694490479
    4.69000000000000039    0.00409075798374158080
    4.70000000000000018    0.00399584583008462911
    4.70999999999999996    0.00390294063888004016
    4.71999999999999975    0.00381200492964416104
    4.73000000000000043    0.00372300180227329910
    4.74000000000000021    0.00363589493081498127
    4.75000000000000000    0.00355064855724253900
    4.75999999999999979    0.00346722748523499392
    4.77000000000000046    0.00338559707396378536
    4.78000000000000025    0.00330572323188813629
    4.79000000000000004    0.00322757241056059263
    4.79999999999999982    0.00315111159844444141
    4.81000000000000050    0.00307630831474448290
    4.82000000000000028    0.00300313060325271873
    4.83000000000000007    0.00293154702621033778
    4.83999999999999986    0.00286152665818758352
    4.85000000000000053    0.00279303907998273895
    4.86000000000000032    0.00272605437254169877
    4.87000000000000011    0.00266054311089932577
    4.87999999999999989    0.00259647635814399570
    4.88999999999999968    0.00253382565940644521
    4.90000000000000036    0.00247256303587419001
    4.91000000000000014    0.00241266097883268511
    4.91999999999999993    0.00235409244373422678
    4.92999999999999972    0.00229683084429586990
    4.94000000000000039    0.00224085004662724196
    4.95000000000000018    0.00218612436338938392
    4.95999999999999996    0.00213262854798547960
    4.96999999999999975    0.00208033778878455441
    4.98000000000000043    0.00202922770337891824
    4.99000000000000021    0.00197927433287634459
    5.00000000000000000    0.00193045413622770930
    5.00999999999999979    0.00188274398459100192
    5.02000000000000046    0.00183612115573241917
    5.03000000000000025    0.00179056332846533068
    5.04000000000000004    0.00174604857712775449
    5.04999999999999982    0.00170255536609913009
    5.06000000000000050    0.00166006254435693834
    5.07000000000000028    0.00161854934007387417
    5.08000000000000007    0.00157799535525607695
    5.08999999999999986    0.00153838056042306429
    5.10000000000000053    0.00149968528932984410
    5.11000000000000032    0.00146189023373175788
    5.12000000000000011    0.00142497643819246484
    5.12999999999999989    0.00138892529493560919
    5.13999999999999968    0.00135371853874052188
    5.15000000000000036    0.00131933824188238172
    5.16000000000000014    0.00128576680911724069
    5.16999999999999993    0.00125298697271218401
    5.17999999999999972    0.00122098178752103981
    5.19000000000000039    0.00118973462610587398
    5.20000000000000018    0.00115922917390459028
    5.20999999999999996    0.00112944942444483977
    5.21999999999999975    0.00110037967460452314
    5.23000000000000043    0.00107200451991906797
    5.24000000000000021    0.00104430884993567921
    5.25000000000000000    0.00101727784361470069
    5.25999999999999979   0.000990896964778285047
    5.27000000000000046   0.000965151957606454232
    5.28000000000000025   0.000940028842180686171
    5.29000000000000004   0.000915513910075081445
    5.29999999999999982   0.000891593719995219572
    5.31000000000000050   0.000868255093464722683
    5.32000000000000028   0.000845485110559582092
    5.33000000000000007   0.000823271105690235954
    5.33999999999999986   0.000801600663431427602
    5.35000000000000053   0.000780461614399805209
    5.36000000000000032   0.000759842031179239143
    10.2400000000000002   4.12316517977491234e-12
